3
5
3 100010 101100 001101 	
4 110000 010101 101001 101000   
5 010000 010110 110001 100101 001100
4 111010 000110 101010 001100 
3 000011 001011 000011
7
4 011000 100000 110100 101100
5 001101 001011 011001 100001 001100
6 010101 100001 001101 101010 100101 011000
7 010000 100010 010100 011100 111000 010101 101010
6 100011 101100 000111 001011 011000 010011 
5 100000 110100 100101 110001 001010
4 110000 100110 001100 101110 

9
5 110100 000111 011100 101001 001100
6 011000 100010 010001 000011 100001 001101
7 001101 001010 011000 101010 010100 011001 101000
8 011001 110001 000101 010011 101000 000101 000011 001000
9 100001 000100 101010 001100 101001 010101 101000 000101 001000
8 110000 010100 001001 000001 011000 100011 101100 001101
7 000110 100011 001100 010001 100010 000101 101001
6 100000 010101 110000 010100 110001 000111
5 110000 100110 100110 100010 000110

